stone_01 3.799191 6.754117 0.500000 0.500000
stone_02 3.799191 6.754117 0.500000 0.500000
stone_03 3.799191 6.754117 0.500000 0.500000
stone_04 3.799191 6.754117 0.500000 0.500000
stone_05 3.799191 6.754117 0.500000 0.500000
stone_06 3.799191 6.754117 0.500000 0.500000
stone_07 3.799191 6.754117 0.500000 0.500000
stone_08 3.799191 6.754117 0.500000 0.500000
stone_09 3.799191 6.754117 0.500000 0.500000
stone_10 3.799191 6.754117 0.500000 0.500000
stone_11 3.799191 6.754117 0.500000 0.500000
stone_12 3.799191 6.754117 0.500000 0.500000